352	FT911-3246	1	0.192531
352	FT911-3618	2	0.180616
352	FT911-4606	3	0.161069
352	FT911-4701	4	0.150893
352	FT911-3681	5	0.146808
352	FT911-650	6	0.146808
352	FT911-2803	7	0.138105
352	FT911-5072	8	0.134840
352	FT911-2267	9	0.131424
352	FT911-1888	10	0.131310
352	FT911-4783	11	0.131310
352	FT911-91	12	0.130780
352	FT911-3651	13	0.125555
352	FT911-1174	14	0.125073
352	FT911-2154	15	0.124474
352	FT911-4948	16	0.122701
352	FT911-5179	17	0.119913
352	FT911-1582	18	0.116838
352	FT911-63	19	0.116672
352	FT911-3688	20	0.113496
352	FT911-5027	21	0.112664
352	FT911-279	22	0.112482
352	FT911-1031	23	0.111798
352	FT911-2876	24	0.111588
352	FT911-1768	25	0.111067
352	FT911-3132	26	0.110977
352	FT911-2779	27	0.109972
352	FT911-3053	28	0.109186
352	FT911-3710	29	0.108081
352	FT911-39	30	0.105940
352	FT911-1102	31	0.105165
352	FT911-3059	32	0.104840
352	FT911-4818	33	0.104174
352	FT911-2635	34	0.104105
352	FT911-1462	35	0.104044
352	FT911-2002	36	0.103904
352	FT911-1488	37	0.103122
352	FT911-2931	38	0.102940
352	FT911-2560	39	0.102803
352	FT911-3866	40	0.102714
352	FT911-3261	41	0.102706
352	FT911-910	42	0.102397
352	FT911-1360	43	0.102182
352	FT911-4247	44	0.101441
352	FT911-417	45	0.101369
352	FT911-3432	46	0.101361
352	FT911-3345	47	0.101305
352	FT911-916	48	0.100937
352	FT911-2280	49	0.099977
352	FT911-1087	50	0.099906
353	FT911-122	1	0.230794
353	FT911-558	2	0.212843
353	FT911-4348	3	0.164412
353	FT911-4151	4	0.156659
353	FT911-1562	5	0.116318
353	FT911-4931	6	0.109529
353	FT911-3206	7	0.108028
353	FT911-3129	8	0.101318
353	FT911-1769	9	0.098587
353	FT911-4349	10	0.098112
353	FT911-4261	11	0.095524
353	FT911-3209	12	0.094575
353	FT911-3027	13	0.076287
353	FT911-547	14	0.069046
353	FT911-4919	15	0.068631
353	FT911-5024	16	0.068253
353	FT911-4701	17	0.067924
353	FT911-3478	18	0.066165
353	FT911-1098	19	0.064012
353	FT911-846	20	0.061662
353	FT911-3327	21	0.061612
353	FT911-348	22	0.061412
353	FT911-1631	23	0.061114
353	FT911-5079	24	0.061042
353	FT911-5001	25	0.060382
353	FT911-1263	26	0.060241
353	FT911-1943	27	0.057723
353	FT911-1349	28	0.056927
353	FT911-5253	29	0.056927
353	FT911-2029	30	0.056483
353	FT911-3332	31	0.056403
353	FT911-18	32	0.054306
353	FT911-825	33	0.053479
353	FT911-3320	34	0.053138
353	FT911-3318	35	0.053110
353	FT911-2350	36	0.052900
353	FT911-3472	37	0.052710
353	FT911-4139	38	0.052697
353	FT911-150	39	0.052378
353	FT911-597	40	0.051837
353	FT911-5196	41	0.051493
353	FT911-1627	42	0.050524
353	FT911-4442	43	0.050410
353	FT911-2140	44	0.049677
353	FT911-601	45	0.048973
353	FT911-3706	46	0.048284
353	FT911-1196	47	0.047138
353	FT911-702	48	0.047092
353	FT911-1083	49	0.047066
353	FT911-1323	50	0.045911
354	FT911-4804	1	0.237647
354	FT911-1588	2	0.221238
354	FT911-4783	3	0.221238
354	FT911-1288	4	0.182681
354	FT911-1702	5	0.182681
354	FT911-3514	6	0.179860
354	FT911-885	7	0.151330
354	FT911-1900	8	0.136001
354	FT911-4272	9	0.121520
354	FT911-2977	10	0.115069
354	FT911-115	11	0.112693
354	FT911-5245	12	0.105819
354	FT911-2786	13	0.100403
354	FT911-2618	14	0.098580
354	FT911-4603	15	0.095938
354	FT911-3364	16	0.091889
354	FT911-4125	17	0.091581
354	FT911-5214	18	0.090958
354	FT911-195	19	0.087556
354	FT911-2216	20	0.084953
354	FT911-2436	21	0.083448
354	FT911-5046	22	0.082540
354	FT911-5207	23	0.082213
354	FT911-4757	24	0.081847
354	FT911-2646	25	0.081493
354	FT911-501	26	0.080587
354	FT911-1668	27	0.080322
354	FT911-1374	28	0.080256
354	FT911-4344	29	0.076581
354	FT911-989	30	0.076055
354	FT911-1085	31	0.075025
354	FT911-2299	32	0.074892
354	FT911-471	33	0.074562
354	FT911-3661	34	0.074487
354	FT911-1568	35	0.074231
354	FT911-1710	36	0.073260
354	FT911-3537	37	0.073018
354	FT911-4065	38	0.072283
354	FT911-3249	39	0.072119
354	FT911-4592	40	0.071702
354	FT911-477	41	0.070926
354	FT911-1869	42	0.068470
354	FT911-3894	43	0.067071
354	FT911-3516	44	0.066647
354	FT911-1793	45	0.066423
354	FT911-2256	46	0.066241
354	FT911-4878	47	0.065843
354	FT911-1958	48	0.065700
354	FT911-5093	49	0.065270
354	FT911-4312	50	0.064822
359	FT911-1897	1	0.221164
359	FT911-5244	2	0.170975
359	FT911-391	3	0.139128
359	FT911-1412	4	0.137657
359	FT911-5121	5	0.132853
359	FT911-4650	6	0.132553
359	FT911-2637	7	0.127658
359	FT911-3242	8	0.125937
359	FT911-3149	9	0.124972
359	FT911-4652	10	0.123651
359	FT911-515	11	0.110347
359	FT911-3000	12	0.110146
359	FT911-3276	13	0.106588
359	FT911-3283	14	0.104837
359	FT911-934	15	0.103549
359	FT911-99	16	0.103457
359	FT911-1282	17	0.102394
359	FT911-4645	18	0.101965
359	FT911-2480	19	0.101223
359	FT911-165	20	0.100301
359	FT911-4679	21	0.099631
359	FT911-4264	22	0.099173
359	FT911-3404	23	0.096077
359	FT911-2009	24	0.095391
359	FT911-61	25	0.091241
359	FT911-2288	26	0.090280
359	FT911-1719	27	0.088012
359	FT911-2452	28	0.087559
359	FT911-428	29	0.087403
359	FT911-4987	30	0.086392
359	FT911-5086	31	0.085739
359	FT911-2469	32	0.085175
359	FT911-1288	33	0.082530
359	FT911-1702	34	0.082530
359	FT911-2063	35	0.081152
359	FT911-2342	36	0.078901
359	FT911-3248	37	0.078594
359	FT911-5150	38	0.077818
359	FT911-2913	39	0.077424
359	FT911-4508	40	0.076831
359	FT911-1517	41	0.076793
359	FT911-3406	42	0.075053
359	FT911-2520	43	0.073495
359	FT911-1230	44	0.072307
359	FT911-4322	45	0.071925
359	FT911-762	46	0.071787
359	FT911-4368	47	0.071647
359	FT911-2584	48	0.071564
359	FT911-601	49	0.071502
359	FT911-680	50	0.070791
