352	FT911-4348	1	0.160170
352	FT911-1198	2	0.134779
352	FT911-4643	3	0.131100
352	FT911-5293	4	0.125016
352	FT911-3973	5	0.124848
352	FT911-2956	6	0.124518
352	FT911-91	7	0.123824
352	FT911-5193	8	0.118730
352	FT911-428	9	0.117569
352	FT911-802	10	0.117516
352	FT911-2046	11	0.116217
352	FT911-1280	12	0.115180
352	FT911-2605	13	0.115129
352	FT911-4798	14	0.114303
352	FT911-4561	15	0.113980
352	FT911-3356	16	0.110509
352	FT911-4784	17	0.110257
352	FT911-2222	18	0.109328
352	FT911-3767	19	0.108683
352	FT911-5096	20	0.108199
352	FT911-4489	21	0.107219
352	FT911-3261	22	0.106573
352	FT911-1122	23	0.106348
352	FT911-2017	24	0.105213
352	FT911-3259	25	0.105168
352	FT911-3345	26	0.105119
352	FT911-1766	27	0.104340
352	FT911-1265	28	0.104322
352	FT911-1964	29	0.104115
352	FT911-3445	30	0.103050
352	FT911-3020	31	0.102987
352	FT911-3442	32	0.102939
352	FT911-133	33	0.102841
352	FT911-4786	34	0.102796
352	FT911-3720	35	0.102656
352	FT911-4799	36	0.102513
352	FT911-511	37	0.101676
352	FT911-4518	38	0.101358
352	FT911-5051	39	0.101139
352	FT911-3917	40	0.101054
352	FT911-284	41	0.100575
352	FT911-2126	42	0.100458
352	FT911-3108	43	0.100238
352	FT911-3168	44	0.100228
352	FT911-849	45	0.099993
352	FT911-276	46	0.099753
352	FT911-1384	47	0.099747
352	FT911-1275	48	0.099553
352	FT911-618	49	0.099147
352	FT911-4585	50	0.098852
353	FT911-122	1	0.238310
353	FT911-558	2	0.205930
353	FT911-4348	3	0.185867
353	FT911-4349	4	0.176941
353	FT911-1769	5	0.164084
353	FT911-826	6	0.137091
353	FT911-4525	7	0.116544
353	FT911-2288	8	0.116049
353	FT911-2315	9	0.112254
353	FT911-4151	10	0.109417
353	FT911-2897	11	0.105449
353	FT911-1611	12	0.101908
353	FT911-4261	13	0.097142
353	FT911-150	14	0.097122
353	FT911-4505	15	0.091776
353	FT911-428	16	0.089543
353	FT911-4332	17	0.088313
353	FT911-4931	18	0.087956
353	FT911-2523	19	0.084541
353	FT911-81	20	0.083300
353	FT911-5328	21	0.082251
353	FT911-2287	22	0.080930
353	FT911-2301	23	0.079769
353	FT911-1383	24	0.079684
353	FT911-5253	25	0.078130
353	FT911-1349	26	0.077652
353	FT911-1038	27	0.077387
353	FT911-4855	28	0.076407
353	FT911-3973	29	0.076284
353	FT911-3087	30	0.075838
353	FT911-2187	31	0.075560
353	FT911-3067	32	0.074607
353	FT911-4009	33	0.074453
353	FT911-1958	34	0.073173
353	FT911-3027	35	0.072227
353	FT911-4701	36	0.072130
353	FT911-1631	37	0.071935
353	FT911-691	38	0.070979
353	FT911-204	39	0.070804
353	FT911-812	40	0.070503
353	FT911-5190	41	0.070363
353	FT911-618	42	0.070025
353	FT911-601	43	0.069864
353	FT911-825	44	0.069542
353	FT911-2956	45	0.069447
353	FT911-4046	46	0.069340
353	FT911-1689	47	0.068581
353	FT911-1197	48	0.068532
353	FT911-571	49	0.068503
353	FT911-2534	50	0.067980
354	FT911-4783	1	0.211602
354	FT911-1705	2	0.167100
354	FT911-4633	3	0.160866
354	FT911-230	4	0.159237
354	FT911-1288	5	0.139703
354	FT911-1702	6	0.139703
354	FT911-4080	7	0.132515
354	FT911-1293	8	0.130845
354	FT911-4804	9	0.112538
354	FT911-1588	10	0.104767
354	FT911-5224	11	0.103442
354	FT911-7	12	0.097882
354	FT911-1585	13	0.093989
354	FT911-10	14	0.093715
354	FT911-3675	15	0.093715
354	FT911-428	16	0.088049
354	FT911-3751	17	0.087276
354	FT911-1704	18	0.086763
354	FT911-318	19	0.086533
354	FT911-3514	20	0.085173
354	FT911-667	21	0.084013
354	FT911-4782	22	0.082906
354	FT911-818	23	0.081943
354	FT911-1587	24	0.081704
354	FT911-232	25	0.081159
354	FT911-276	26	0.080757
354	FT911-1239	27	0.080140
354	FT911-5220	28	0.080140
354	FT911-2079	29	0.078736
354	FT911-1900	30	0.078591
354	FT911-2686	31	0.078549
354	FT911-1568	32	0.078268
354	FT911-4530	33	0.076518
354	FT911-2610	34	0.076301
354	FT911-1468	35	0.075227
354	FT911-4079	36	0.075227
354	FT911-362	37	0.074477
354	FT911-5229	38	0.074477
354	FT911-1128	39	0.073155
354	FT911-4348	40	0.072874
354	FT911-5046	41	0.072830
354	FT911-4358	42	0.072678
354	FT911-1265	43	0.072645
354	FT911-3688	44	0.072443
354	FT911-1392	45	0.072025
354	FT911-1469	46	0.072025
354	FT911-2324	47	0.072025
354	FT911-2328	48	0.072025
354	FT911-3453	49	0.072025
354	FT911-457	50	0.072025
359	FT911-428	1	0.162614
359	FT911-4650	2	0.153775
359	FT911-5129	3	0.136229
359	FT911-4679	4	0.127593
359	FT911-1897	5	0.113428
359	FT911-2222	6	0.111595
359	FT911-1819	7	0.109309
359	FT911-1265	8	0.107474
359	FT911-2469	9	0.106520
359	FT911-4283	10	0.105021
359	FT911-5346	11	0.102198
359	FT911-391	12	0.101912
359	FT911-1082	13	0.100342
359	FT911-2637	14	0.100083
359	FT911-1211	15	0.099001
359	FT911-1898	16	0.094757
359	FT911-2046	17	0.094273
359	FT911-2997	18	0.094254
359	FT911-2465	19	0.092830
359	FT911-2017	20	0.091617
359	FT911-1995	21	0.091569
359	FT911-4176	22	0.091211
359	FT911-4640	23	0.090985
359	FT911-4655	24	0.090065
359	FT911-220	25	0.089541
359	FT911-3473	26	0.089017
359	FT911-2488	27	0.088963
359	FT911-5244	28	0.087187
359	FT911-2689	29	0.086424
359	FT911-1294	30	0.086072
359	FT911-3945	31	0.085985
359	FT911-4645	32	0.085661
359	FT911-721	33	0.084625
359	FT911-934	34	0.084145
359	FT911-1263	35	0.083332
359	FT911-618	36	0.082981
359	FT911-3276	37	0.082409
359	FT911-804	38	0.082236
359	FT911-4574	39	0.081680
359	FT911-1899	40	0.081496
359	FT911-2712	41	0.081340
359	FT911-1673	42	0.080318
359	FT911-1369	43	0.079982
359	FT911-4652	44	0.079976
359	FT911-5059	45	0.079658
359	FT911-3494	46	0.079588
359	FT911-4907	47	0.079336
359	FT911-3242	48	0.079210
359	FT911-4648	49	0.078742
359	FT911-4904	50	0.078361
