352	FT911-1174	1	0.141080
352	FT911-3246	2	0.131705
352	FT911-2803	3	0.131171
352	FT911-3618	4	0.129764
352	FT911-4762	5	0.129410
352	FT911-91	6	0.127520
352	FT911-4606	7	0.125096
352	FT911-156	8	0.115196
352	FT911-3681	9	0.114020
352	FT911-650	10	0.114020
352	FT911-5179	11	0.109963
352	FT911-338	12	0.105248
352	FT911-3393	13	0.104899
352	FT911-5072	14	0.104725
352	FT911-1198	15	0.103750
352	FT911-4701	16	0.103222
352	FT911-3106	17	0.103086
352	FT911-1488	18	0.102867
352	FT911-5193	19	0.102842
352	FT911-1888	20	0.101983
352	FT911-4783	21	0.101983
352	FT911-2002	22	0.100466
352	FT911-3432	23	0.098834
352	FT911-3651	24	0.097514
352	FT911-2154	25	0.096674
352	FT911-2383	26	0.096516
352	FT911-417	27	0.096280
352	FT911-5343	28	0.096208
352	FT911-1556	29	0.095688
352	FT911-705	30	0.095483
352	FT911-910	31	0.095473
352	FT911-610	32	0.095297
352	FT911-4948	33	0.095296
352	FT911-5180	34	0.094877
352	FT911-4814	35	0.093906
352	FT911-450	36	0.093900
352	FT911-1496	37	0.093671
352	FT911-834	38	0.093621
352	FT911-516	39	0.092902
352	FT911-5265	40	0.091494
352	FT911-4786	41	0.090827
352	FT911-1582	42	0.090743
352	FT911-63	43	0.090614
352	FT911-4561	44	0.090356
352	FT911-2267	45	0.089904
352	FT911-5307	46	0.089893
352	FT911-284	47	0.089845
352	FT911-3731	48	0.089679
352	FT911-1492	49	0.088159
352	FT911-3688	50	0.088148
353	FT911-122	1	0.164807
353	FT911-558	2	0.151989
353	FT911-4348	3	0.117405
353	FT911-4151	4	0.111869
353	FT911-4349	5	0.096764
353	FT911-4261	6	0.093048
353	FT911-1562	7	0.083061
353	FT911-81	8	0.078761
353	FT911-4931	9	0.078214
353	FT911-3206	10	0.077142
353	FT911-2287	11	0.072938
353	FT911-3129	12	0.072350
353	FT911-1769	13	0.070400
353	FT911-943	14	0.070127
353	FT911-1450	15	0.068799
353	FT911-5253	16	0.068655
353	FT911-3209	17	0.067535
353	FT911-4371	18	0.067180
353	FT911-1822	19	0.067036
353	FT911-702	20	0.065008
353	FT911-5196	21	0.064220
353	FT911-4332	22	0.064056
353	FT911-4810	23	0.064048
353	FT911-4072	24	0.060972
353	FT911-5076	25	0.060302
353	FT911-4633	26	0.060163
353	FT911-4919	27	0.058492
353	FT911-5024	28	0.057632
353	FT911-3360	29	0.056859
353	FT911-3327	30	0.055984
353	FT911-456	31	0.055899
353	FT911-1098	32	0.055303
353	FT911-1263	33	0.054763
353	FT911-1031	34	0.054531
353	FT911-2202	35	0.054531
353	FT911-3027	36	0.054476
353	FT911-3087	37	0.053685
353	FT911-597	38	0.053174
353	FT911-2523	39	0.053024
353	FT911-4802	40	0.052814
353	FT911-5265	41	0.052798
353	FT911-4855	42	0.052721
353	FT911-825	43	0.051001
353	FT911-774	44	0.050738
353	FT911-3615	45	0.050544
353	FT911-2140	46	0.049781
353	FT911-5245	47	0.049701
353	FT911-5079	48	0.049654
353	FT911-2301	49	0.049493
353	FT911-547	50	0.049305
354	FT911-4783	1	0.243166
354	FT911-4633	2	0.184863
354	FT911-230	3	0.182990
354	FT911-1288	4	0.160542
354	FT911-1702	5	0.160542
354	FT911-4080	6	0.152282
354	FT911-1293	7	0.150363
354	FT911-4804	8	0.129325
354	FT911-1588	9	0.120395
354	FT911-5224	10	0.118872
354	FT911-7	11	0.112483
354	FT911-1585	12	0.108009
354	FT911-10	13	0.107694
354	FT911-3675	14	0.107694
354	FT911-1704	15	0.099705
354	FT911-3514	16	0.097878
354	FT911-4358	17	0.096672
354	FT911-667	18	0.096545
354	FT911-818	19	0.094166
354	FT911-232	20	0.093266
354	FT911-4755	21	0.093113
354	FT911-1239	22	0.092095
354	FT911-5220	23	0.092095
354	FT911-1705	24	0.091310
354	FT911-2079	25	0.090481
354	FT911-1900	26	0.090314
354	FT911-2686	27	0.090266
354	FT911-318	28	0.089939
354	FT911-4530	29	0.087932
354	FT911-2610	30	0.087682
354	FT911-1468	31	0.086449
354	FT911-4079	32	0.086449
354	FT911-362	33	0.085586
354	FT911-5229	34	0.085586
354	FT911-3300	35	0.085124
354	FT911-1128	36	0.084068
354	FT911-5046	37	0.083694
354	FT911-3688	38	0.083250
354	FT911-1392	39	0.082769
354	FT911-1469	40	0.082769
354	FT911-2324	41	0.082769
354	FT911-2328	42	0.082769
354	FT911-3453	43	0.082769
354	FT911-457	44	0.082769
354	FT911-885	45	0.082352
354	FT911-3555	46	0.080672
354	FT911-3176	47	0.080478
354	FT911-5289	48	0.079537
354	FT911-1237	49	0.079521
354	FT911-1450	50	0.079521
359	FT911-1897	1	0.158550
359	FT911-4650	2	0.140185
359	FT911-5244	3	0.122570
359	FT911-3242	4	0.113511
359	FT911-391	5	0.099739
359	FT911-1412	6	0.098685
359	FT911-4645	7	0.095971
359	FT911-5121	8	0.095241
359	FT911-934	9	0.093332
359	FT911-2637	10	0.091517
359	FT911-3149	11	0.089591
359	FT911-2991	12	0.089185
359	FT911-4652	13	0.088644
359	FT911-428	14	0.085547
359	FT911-4206	15	0.085115
359	FT911-437	16	0.082406
359	FT911-1309	17	0.081075
359	FT911-4095	18	0.080266
359	FT911-4975	19	0.079301
359	FT911-515	20	0.079107
359	FT911-3000	21	0.078962
359	FT911-4654	22	0.078334
359	FT911-3830	23	0.078042
359	FT911-4865	24	0.077928
359	FT911-965	25	0.076679
359	FT911-3276	26	0.076412
359	FT911-3283	27	0.075156
359	FT911-99	28	0.074168
359	FT911-2520	29	0.074049
359	FT911-4656	30	0.073815
359	FT911-1282	31	0.073405
359	FT911-755	32	0.073028
359	FT911-2480	33	0.072566
359	FT911-4590	34	0.072353
359	FT911-165	35	0.071905
359	FT911-1279	36	0.071481
359	FT911-4679	37	0.071425
359	FT911-4264	38	0.071097
359	FT911-2913	39	0.070834
359	FT911-1230	40	0.070772
359	FT911-4270	41	0.070058
359	FT911-1061	42	0.070014
359	FT911-314	43	0.069845
359	FT911-4862	44	0.069488
359	FT911-3005	45	0.068979
359	FT911-3404	46	0.068877
359	FT911-2009	47	0.068385
359	FT911-2248	48	0.068238
359	FT911-942	49	0.067256
359	FT911-4648	50	0.066931
